See diary10_26.txt
p = Parameters(3,1,6,4)   
Run for goals [0x0049], 
run_neutral_walk( g, p, 100, 1200, 50000, 30)     
10/26
w: 100  walk_list after add: [1, 11, 21, 25, 29, 44, 89, 96]
w: 100  length(circuit_code_list) after add: 8  lengths circuit_code_list: [724574, 209, 840, 108, 108, 1173, 205, 39]
11/29
w: 100  walk_list after add: [1, 14, 16, 48, 49, 54, 92]
w: 100  length(circuit_code_list) after add: 7  lengths circuit_code_list: [688442, 445, 138, 5840, 39, 73, 175]

p = Parameters(4,1,8,5)   
[0x01f0]  count: 8450
10/26
w: 150  walk_list after add: [1, 8, 30, 33, 41, 50, 51, 54, 55, 61, 67, 106, 108, 113, 125, 140, 144]
w: 150  length(circuit_code_list) after add: 17  lengths circuit_code_list: [5569402, 33193, 20352, 44919, 31574, 35638, 11316, 20610, 37519, 4556, 15718, 31787, 43629, 29591, 35301, 14697, 41741]
13817 seconds lycosa   
11/29
p = Parameters(4,1,8,5)
g = [0x01f0]
w: 150  walk_list after add: [1, 5, 6, 15, 27, 29, 36, 37, 46, 52, 83, 106, 107, 128, 135, 138]
w: 150  length(circuit_code_list) after add: 16  lengths circuit_code_list: [5660709, 34930, 20987, 15094, 43013, 39065, 36900, 69438, 190, 13955, 35111, 46657, 36766, 42330, 6216, 42304]



g = [0x00d6]  ???1
@time run_neutral_walk( g, p, 150, 1200, 150000, 60)
w: 150  walk_list after add: [1, 2, 3, 4, 6, 7, 9, 10, 12, 13, 16, 18, 19, 20, 24, 26, 29, 31, 32,
 35, 36, 38, 39, 41, 42, 46, 47, 50, 51, 52, 53, 55, 56, 59, 60, 61, 62, 63, 64, 65, 69, 71, 73, 7
5, 76, 77, 79, 80, 81, 83, 89, 90, 91, 92, 95, 96, 99, 103, 105, 106, 108, 109, 112, 113, 114, 115
, 116, 118, 119, 121, 122, 124, 127, 130, 132, 133, 134, 135, 136, 137, 139, 140, 142, 143, 147, 1
48]
w: 150  length(circuit_code_list) after add: 86  lengths circuit_code_list: [129, 248, 6855, 62459
7, 42720, 12980, 4020, 9564, 36597, 1049, 9283, 17967, 476, 66637, 16989, 30323, 67, 18747, 601, 1
29, 365, 35632, 82563, 129, 248, 21177, 12649, 14371, 825, 248, 17399, 311, 16616, 248, 3143, 365,
 13310, 67, 8326, 5729, 129, 487, 3222, 190, 5715, 6885, 8395, 491, 248, 11270, 10961, 248, 8191,
1404, 1144, 190, 248, 129, 1799, 1629, 67, 129, 8443, 129, 6814, 308, 5648, 540, 191, 3308, 1, 67,
 3991, 190, 1, 2616, 597, 5962, 1293, 4664, 312, 129, 1588, 311, 5408, 129]
11207.128391 seconds count: 8450] 

[0x01e3 ]  count: 14
@time run_neutral_walk( g, p, 150, 1200, 150000, 60)
[0x01e3]
10/26
w: 150  walk_list after add: [1, 2, 3, 4, 5, 6, 7, 8, 9, 10, 11, 12, 13, 14, 15, 16, 17, 18, 19, 21, 22, 23, 24, 25, 26, 27, 29, 30, 31, 32, 33, 34, 35, 36, 37, 38, 39, 40, 41
, 42, 43, 44, 45, 46, 47, 48, 49, 51, 52, 53, 54, 55, 56, 57, 58, 59, 60, 61, 62, 63, 64, 65, 66, 67, 68, 69, 70, 71, 72, 73, 75, 76, 77, 78, 79, 80, 81, 82, 83, 85, 86, 88, 8
9, 91, 92, 93, 94, 95, 96, 97, 98, 99, 101, 102, 103, 104, 105, 107, 108, 109, 111, 112, 113, 114, 115, 117, 118, 119, 121, 122, 123, 124, 126, 127, 128, 129, 131, 132, 133, 1
34, 136, 137, 138, 139, 140, 141, 142, 143, 144, 145, 146, 147, 148, 149]
w: 150  length(circuit_code_list) after add: 134  lengths circuit_code_list: [145299, 42023, 51351, 36669, 54053, 42503, 109671, 26377, 97198, 48447, 50416, 48498, 53837, 3040
5, 58132, 54167, 42267, 49542, 28235, 25699, 34063, 34674, 112782, 54430, 102886, 33399, 36835, 19507, 114051, 39147, 14309, 161, 55828, 88919, 29172, 114171, 1272, 17065, 113
192, 55822, 22189, 49119, 42165, 105532, 109587, 29428, 15868, 49261, 57788, 38670, 49168, 56622, 11681, 38461, 44134, 21855, 40400, 49839, 53640, 54513, 51735, 30441, 58312,
169508, 51365, 86148, 38803, 50238, 35808, 50580, 55997, 60061, 42814, 47816, 56737, 48429, 41543, 102223, 38134, 37259, 51071, 50065, 11807, 54801, 46283, 542, 57828, 54974,
45179, 23151, 34602, 50987, 54218, 4030, 47423, 17953, 83, 45322, 45643, 46591, 40490, 50006, 36805, 52701, 53534, 57742, 52375, 53553, 29733, 41914, 53681, 35554, 43643, 4555
6, 60239, 52341, 44426, 56906, 50933, 43407, 51613, 54869, 51190, 757, 50670, 45157, 53163, 47927, 42435, 1134, 7106, 52067, 48122, 39574]
77528.342751 seconds (6.27 G allocations: 2.507 TiB, 0.13% gc time)  
@time run_neutral_walk( g, p, 500, 1200, 150000, 60)
10/26
goal:  UInt16[0x01e3]
Parameters(1, 4, 0.05, 0.0, 4, 1, 2, 11, 8)
w: 150
length(circuit_code_list) after add: 150
lengths circuit_code_list: [94369, 96428, 101005, 90936, 99378, 104148, 101510, 103089, 104772, 106506, 95107, 108837, 102753, 105045,
98359, 107561, 102842, 100473, 109225, 104191, 102538, 104750, 108636, 97000, 103409, 105571, 102274, 104211, 113089, 109843, 103484, 100255, 101476, 97483, 108394, 101137, 105731, 100507, 97943, 113692, 105491, 105512, 108820, 103391, 103466, 104839, 103042, 96597, 103846, 97185, 103757, 105550, 104667, 101241, 103733, 102695, 96683, 102910, 110595, 100468, 109556, 97704, 97436, 116781, 100877, 105466, 103264, 106548, 99146, 57747, 105265, 100762, 101644, 98413, 108256, 102248, 106660, 104268, 102470, 105689, 97934, 104982, 103679, 106629, 112707,
100239, 112009, 101957, 108454, 106215, 102345, 96784, 103682, 110523, 100313, 92482, 105577, 105723, 98551, 100011, 102228, 101354, 99985, 114674, 106976, 105444, 105786, 105033, 73708, 102938, 98892, 98116, 100401, 99544, 104925, 104941, 91583, 98883, 105265, 112143, 106685, 99769, 99967, 102145, 102809, 88743, 96790, 101031, 101252, 99817, 105990, 112988, 105890, 101312, 101676, 96602, 97446, 109633, 103421, 101531, 103862, 106262, 105639, 103426, 104975, 100361, 103372, 107086, 107815, 101711]
11/29
mut_evolve finished in 65745 steps for goal UInt16[0x01e3] with fitness: 1.0
complexity(c): 3.7154615745246518
length(cclist): 8448
to_combine: [4]
combining circuit_code_list[4]
w: 150  walk_list after add: [1, 2, 3, 4, 6, 7, 9, 10, 12, 13, 16, 18, 19, 20, 24, 26, 29, 31, 32,
 35, 36, 38, 39, 41, 42, 46, 47, 50, 51, 52, 53, 55, 56, 59, 60, 61, 62, 63, 64, 65, 69, 71, 73, 7
5, 76, 77, 79, 80, 81, 83, 89, 90, 91, 92, 95, 96, 99, 103, 105, 106, 108, 109, 112, 113, 114, 115
, 116, 118, 119, 121, 122, 124, 127, 130, 132, 133, 134, 135, 136, 137, 139, 140, 142, 143, 147, 1
48]
w: 150  length(circuit_code_list) after add: 86  lengths circuit_code_list: [129, 248, 6855, 62459
7, 42720, 12980, 4020, 9564, 36597, 1049, 9283, 17967, 476, 66637, 16989, 30323, 67, 18747, 601, 1
29, 365, 35632, 82563, 129, 248, 21177, 12649, 14371, 825, 248, 17399, 311, 16616, 248, 3143, 365,
 13310, 67, 8326, 5729, 129, 487, 3222, 190, 5715, 6885, 8395, 491, 248, 11270, 10961, 248, 8191,
1404, 1144, 190, 248, 129, 1799, 1629, 67, 129, 8443, 129, 6814, 308, 5648, 540, 191, 3308, 1, 67,
 3991, 190, 1, 2616, 597, 5962, 1293, 4664, 312, 129, 1588, 311, 5408, 129]
11207.128391 seconds (6.92 G allocations: 633.858 GiB, 0.47% gc time)
mut_evolve finished in 48620 steps for goal UInt16[0x01e3] with fitness: 1.0
complexity(c): 4.2323182221544045
length(cclist): 8679
to_combine: [3]
combining circuit_code_list[3]
w: 254  walk_list after add: [1, 2, 3, 4, 6, 10, 11, 12, 14, 17, 18, 21, 23, 24, 26, 27, 29, 30, 3
1, 34, 40, 41, 42, 44, 45, 47, 51, 53, 58, 60, 61, 62, 64, 66, 67, 68, 69, 70, 71, 75, 76, 77, 78,
 79, 81, 82, 83, 85, 89, 90, 93, 94, 96, 97, 100, 102, 103, 104, 105, 106, 107, 110, 112, 118, 122
, 123, 125, 127, 128, 139, 142, 143, 144, 145, 147, 155, 157, 159, 161, 165, 166, 167, 168, 172, 1
73, 179, 180, 181, 182, 184, 186, 187, 188, 189, 191, 192, 193, 195, 197, 198, 199, 200, 203, 204,
 206, 208, 210, 211, 212, 214, 218, 219, 220, 222, 224, 230, 235, 236, 238, 239, 241, 243, 248, 24
9, 252, 253]
w: 254  length(circuit_code_list) after add: 126  lengths circuit_code_list: [67, 6470, 1038965, 1
29, 67, 44799, 365, 190, 20697, 251, 3480, 37501, 48077, 129, 9591, 83362, 476, 35663, 3574, 191,
67, 9577, 1, 21178, 20694, 601, 11331, 129, 12451, 7284, 7128, 9732, 190, 10868, 129, 21880, 49870
, 248, 367, 1649, 1529, 825, 11300, 33405, 430, 1, 2694, 2710, 67, 7679, 129, 9006, 129, 6414, 753
5, 67, 1430, 8209, 4677, 11390, 7005, 129, 67, 12455, 129, 190, 1, 311, 250, 4576, 365, 67, 1058,
248, 4957, 190, 8756, 3006, 955, 723, 129, 3580, 487, 7298, 3775, 597, 4894, 365, 129, 248, 248, 1
5470, 6151, 21858, 67, 129, 67, 952, 3140, 2293, 3164, 67, 1747, 6081, 67, 770, 955, 9669, 6863, 1
29, 482, 2652, 6199, 1144, 190, 5842, 4399, 7788, 2289, 248, 12999, 1144, 7878, 700, 825, 248]
mut_evolve finished in 90052 steps for goal UInt16[0x01e3] with fitness: 1.0    
